local stringfile = {

92548723913417695490134134130413805120451234132412043514514659141234129305126395172435162405612874561234
03471341375135874678923487123041203512341232940856194651347103561242457324921374123561924670127591249555
92548723913417695490134134130413805120451234132412043514514659141234129305126395172435162405612874561234
03471341375135874678923487123041203512341232940856194651347103561242457324921374123561924670127591249555
92548723913417695490134134130413805120451234132412043514514659141234129305126395172435162405612874561234
03471341375135874678923487123041203512341232940856194651347103561242457324921374123561924670127591249555
13502475123581249856120873418724657135132410351235916245917243598123496102394612351246039512634811125245
92548723913417695490134134130413805120451234132412043514514659141234129305126395172435162405612874561234
03471341375135874678923487123041203512341232940856194651347103561242457324921374123561924670127591249555
92548723913417695490134134130413805120451234132412043514514659141234129305126395172435162405612874561234
32857912351246512835912736412941293545812739487123651283756129834712963498172634871268512638471293464547
32857912351246512835912736412941293545812739487123651283756129834712963498172634871268512638471293464547
03471341375135874678923487123041203512341232940856194651347103561242457324921374123561924670127591249555
92548723913417695490134134130413805120451234132412043514514659141234129305126395172435162405612874561234
13502475123581249856120873418724657135132410351235916245917243598123496102394612351246039512634811125245
03471341375135874678923487123041203512341232940856194651347103561242457324921374123561924670127591249555
92548723913417695490134134130413805120451234132412043514514659141234129305126395172435162405612874561234
03471341375135874678923487123041203512341232940856194651347103561242457324921374123561924670127591249555
92548723913417695490134134130413805120451234132412043514514659141234129305126395172435162405612874561234
03471341375135874678923487123041203512341232940856194651347103561242457324921374123561924670127591249555
32857912351246512835912736412941293545812739487123651283756129834712963498172634871268512638471293464547
92548723913417695490134134130413805120451234132412043514514659141234129305126395172435162405612874561234
03471341375135874678923487123041203512341232940856194651347103561242457324921374123561924670127591249555
13502475123581249856120873418724657135132410351235916245917243598123496102394612351246039512634811125245
32857912351246512835912736412941293545812739487123651283756129834712963498172634871268512638471293464547
}

return stringfile
